P1 81.6170347005 272.852580363 -250.0
P2 73.8141108166 228.6 -270.0
P3 81.6170347005 184.347419637 -290.0
P4 104.084658573 145.432353565 -310.0
P5 138.507055408 116.548533076 -330.0
P6 180.732376127 101.179773202 -350.0
P7 225.667623873 101.179773202 -10.0
P8 267.892944592 116.548533076 -30.0
P9 302.315341427 145.432353565 -50.0
P10 324.7829653 184.347419637 -70.0
P11 332.585889183 228.6 -90.0
P12 324.7829653 272.852580363 -110.0
U1 59.8373089822 280.779752235 -340.0
U2 50.6366108166 228.6 -0.0
U3 59.8373089822 176.420247765 -20.0
U4 86.3296634926 130.534143741 -40.0
U5 126.918305408 96.4762292797 -60.0
U6 176.70764549 78.3543915063 -80.0
U7 229.69235451 78.3543915063 -100.0
U8 279.481694592 96.4762292797 -120.0
U9 320.070336507 130.534143741 -140.0
U10 346.562691018 176.420247765 -160.0
U11 355.763389183 228.6 -180.0
U12 346.562691018 280.779752235 -200.0
P13 72.9648148946 276.001730833 -340.0
P14 64.6066108166 228.6 -0.0
P15 72.9648148946 181.198269167 -20.0
P16 97.031304363 139.513886648 -40.0
P17 133.903305408 108.574604171 -60.0
P18 179.133510532 92.1121558159 -80.0
P19 227.266489468 92.1121558159 -100.0
P20 272.496694592 108.574604171 -120.0
P21 309.368695637 139.513886648 -140.0
P22 333.435185105 181.198269167 -160.0
P23 341.793389183 228.6 -180.0
P24 333.435185105 276.001730833 -200.0
R1 74.7022772227 280.775369346 -160.0
R2 64.6066108166 233.68 -180.0
R3 71.2273525665 185.971907681 -200.0
R4 93.7659433058 143.405392419 -220.0
R5 129.503896357 111.114604171 -240.0
R6 174.130687146 92.9942885585 -260.0
R7 222.263666083 91.2300230734 -280.0
R8 268.09728554 106.034604171 -300.0
R9 306.10333458 135.622380877 -320.0
R10 331.697722777 176.424630654 -340.0
R11 341.793389183 223.52 -0.0
R12 335.172647433 271.228092319 -20.0
C1 70.7929869845 270.034682691 -160.0
C2 64.6066108166 222.25 -180.0
C3 75.1366428047 175.231221025 -200.0
C4 101.113005685 134.649504435 -220.0
C5 139.402566722 105.399604171 -240.0
C6 185.387039763 91.0094898877 -260.0
C7 233.5200187 93.2148217441 -280.0
C8 277.995955906 111.749604171 -300.0
C9 313.450396959 144.378268862 -320.0
C10 335.607013016 187.165317309 -340.0
C11 341.793389183 234.95 -0.0
C12 331.263357195 281.968778975 -20.0
R13 54.6249219979 266.458836694 -160.0
R14 50.6366108166 213.36 -180.0
R15 65.0496959665 162.099332224 -200.0
R16 96.1257466642 118.859626428 -220.0
R17 140.116532562 88.8562292797 -240.0
R18 191.716115646 75.7079932787 -260.0
R19 244.700824666 81.000789734 -280.0
R20 292.679921745 104.09622928 -300.0
R21 329.866419679 142.208661054 -320.0
R22 351.775078002 190.741163306 -340.0
R23 355.763389183 243.84 -0.0
R24 341.350304033 295.100667776 -20.0
C13 52.9543915063 255.09235451 -170.0
C14 52.9543915063 202.10764549 -190.0
C15 71.0762292797 152.318305408 -210.0
C16 105.134143741 111.729663493 -230.0
C17 151.020247765 85.2373089822 -250.0
C18 203.2 76.0366108166 -270.0
C19 255.379752235 85.2373089822 -290.0
C20 301.265856259 111.729663493 -310.0
C21 335.32377072 152.318305408 -330.0
C22 353.445608494 202.10764549 -350.0
C23 353.445608494 255.09235451 -10.0
